#Mission Info

$Version: 0.10
$Name:  XSTR("Wings of Night", -1)
$Author: DahBlount
$Created: 09/11/13 at 10:40:01
$Modified: 09/18/13 at 11:14:30
$Notes:
This is a FRED2_OPEN created mission.
$End Notes:

$Mission Desc:
 XSTR("Put mission description here
", -1)
$end_multi_text
+Game Type Flags: 1
+Flags: 0
+Fog Near Mult: 1.000000

+Fog Far Mult: 1.000000

+Disallow Support: 0
+Hull Repair Ceiling: 0.000000
+Subsystem Repair Ceiling: 100.000000

+Viewer pos: 3022.410400, 637.207764, -3628.391113
+Viewer orient:
	0.184868, 0.000000, 0.982763,
	0.378248, 0.922966, -0.071152,
	-0.907057, 0.384882, 0.170627

$Starting wing names: ( "Uranium" "Iridium" "Nickel" )
$Squadron wing names: ( "Uranium" "Iridium" "Nickel" "Mercury" "Tungsten" )
$Team-versus-team wing names: ( "Uranium" "Iridium" )

$AI Profile: FS2 RETAIL

#Command Briefing

#Briefing
$start_briefing
$num_stages: 0
$end_briefing

#Debriefing_info

$Num stages: 0

#Players		;! 1 total

$Starting Shipname: Uranium 1
$Ship Choices: (
	"GTF Ulysses"	5
	"GTF Hercules"	5
	"GTF Hercules Mark II"	5
	"GTF Ares"	5
	"GTF Erinyes"	5
	"GTF Loki"	5
	"GTF Pegasus"	5
	"GTF Perseus"	5
	"GTF Myrmidon"	5
	"SF Mara (terrans)"	5
	"GTB Artemis"	5
	"GTB Artemis D.H."	5
	"GTB Medusa"	5
	"GTB Ursa"	5
	"GTB Zeus"	5
	"GTB Boanerges"	5
	"GVF Ptah"	5
)

+Weaponry Pool: (
	"Subach HL-7"	20
	"Subach HL-D"	16
	"Mekhu HL-7"	16
	"Mekhu HL-7D"	16
	"Akheton SDG"	16
	"Morning Star"	16
	"MorningStar D"	16
	"Prometheus R"	20
	"Prometheus S"	16
	"Prometheus D"	16
	"Maxim"	16
	"Maxim D"	16
	"UD-8 Kayser"	16
	"UD-D Kayser"	16
	"Circe"	16
	"Lamprey"	16
	"Rockeye"	500
	"Rockeye D"	500
	"Tempest"	500
	"Tempest D"	500
	"Hornet"	900
	"Hornet D"	500
	"Tornado"	500
	"Tornado D"	500
	"Harpoon"	500
	"Harpoon D"	500
	"Trebuchet"	540
	"TAG-A"	500
	"TAG-B"	500
	"TAG-C"	500
	"Piranha"	500
	"Stiletto II"	500
	"Infyrno"	500
	"Infyrno D"	500
	"Cyclops"	500
	"Cyclops#short"	500
	"Helios"	500
	"EMP Adv."	500
)

#Objects		;! 11 total

$Name: Uranium 1		;! Object #0
$Class: GTF Erinyes
$Team: Friendly
$Location: 0.000000, 1500.000000, -3500.000000
$Orientation:
	1.000000, 0.000000, -0.000000,
	0.000000, 0.919145, 0.393919,
	0.000000, -0.393919, 0.919145
$AI Behavior: None
$Cargo 1:  XSTR("Nothing", -1)
+Initial Hull: 100
+Subsystem: Pilot
$Arrival Location: Hyperspace
$Arrival Cue: ( false ) 
$Departure Location: Hyperspace
$Departure Cue: ( false ) 
$Determination: 10
+Flags: ( "cargo-known" "player-start" )
+Flags2: ( )
+Respawn priority: 0
+Group: 0
+Score: 8

$Name: Uranium 2		;! Object #1
$Class: GTF Erinyes
$Team: Friendly
$Location: -50.000000, 1550.000000, -3550.000000
$Orientation:
	0.999901, 0.000000, -0.014083,
	0.005635, 0.916468, 0.400069,
	0.012907, -0.400108, 0.916377
$AI Behavior: None
$Cargo 1:  XSTR("Nothing", -1)
+Initial Velocity: 33
+Initial Hull: 100
+Subsystem: Pilot
$Arrival Location: Hyperspace
$Arrival Cue: ( false ) 
$Departure Location: Hyperspace
$Departure Cue: ( false ) 
$Determination: 10
+Flags: ( "cargo-known" )
+Flags2: ( )
+Respawn priority: 0
+Group: 0
+Use Table Score:
+Score: 12

$Name: Uranium 3		;! Object #2
$Class: GTF Erinyes
$Team: Friendly
$Location: 50.000000, 1550.000000, -3550.000000
$Orientation:
	0.999901, 0.000000, 0.014083,
	-0.005635, 0.916468, 0.400069,
	-0.012907, -0.400108, 0.916377
$AI Behavior: None
$Cargo 1:  XSTR("Nothing", -1)
+Initial Velocity: 33
+Initial Hull: 100
+Subsystem: Pilot
$Arrival Location: Hyperspace
$Arrival Cue: ( false ) 
$Departure Location: Hyperspace
$Departure Cue: ( false ) 
$Determination: 10
+Flags: ( "cargo-known" )
+Flags2: ( )
+Respawn priority: 0
+Group: 0
+Use Table Score:
+Score: 12

$Name: Uranium 4		;! Object #3
$Class: GTF Erinyes
$Team: Friendly
$Location: 0.000000, 1600.000000, -3600.000000
$Orientation:
	1.000000, 0.000000, -0.000000,
	0.000000, 0.913812, 0.406138,
	0.000000, -0.406138, 0.913812
$AI Behavior: None
$Cargo 1:  XSTR("Nothing", -1)
+Initial Velocity: 33
+Initial Hull: 100
+Subsystem: Pilot
$Arrival Location: Hyperspace
$Arrival Cue: ( false ) 
$Departure Location: Hyperspace
$Departure Cue: ( false ) 
$Determination: 10
+Flags: ( "cargo-known" )
+Flags2: ( )
+Respawn priority: 0
+Group: 0
+Use Table Score:
+Score: 12

$Name: Knossos 4		;! Object #4
$Class: Knossos
$Team: Friendly
$Location: 0.000000, 0.000000, 0.000000
$Orientation:
	1.000000, 0.000000, -0.000000,
	0.000000, 0.707107, 0.707107,
	0.000000, -0.707107, 0.707107
$AI Behavior: None
$Cargo 1:  XSTR("Nothing", -1)
+Initial Velocity: 33
+Initial Hull: 100
+Initial Shields: 100
+Subsystem: Pilot
$Arrival Location: Hyperspace
$Arrival Cue: ( true ) 
$Departure Location: Hyperspace
$Departure Cue: ( false ) 
$Determination: 10
+Flags: ( "cargo-known" "no-shields" "don't-collide-invisible" )
+Flags2: ( )
+Respawn priority: 0
+Group: 0
+Use Table Score:
+Score: 0

$Name: UTNSG Zweihander 1		;! Object #5
$Class: GTSG Mjolnir
$Team: Friendly
$Location: 0.000000, 2000.000000, 750.000000
$Orientation:
	-1.000000, 0.000000, -0.000000,
	0.000000, 0.309086, -0.951034,
	0.000000, -0.951034, -0.309086
$AI Behavior: None
$Cargo 1:  XSTR("Nothing", -1)
+Initial Velocity: 33
+Initial Hull: 100
+Subsystem: Pilot
+Subsystem: turret01
$Arrival Location: Hyperspace
$Arrival Cue: ( true ) 
$Departure Location: Hyperspace
$Departure Cue: ( false ) 
$Determination: 10
+Flags: ( "cargo-known" )
+Flags2: ( )
+Respawn priority: 0
+Orders Accepted: 1		;! note that this is a bitfield!!!
+Group: 0
+Use Table Score:
+Score: 17

$Name: UTNSG Zweihander 2		;! Object #6
$Class: GTSG Mjolnir
$Team: Friendly
$Location: 1500.000000, -2000.000000, -750.000000
$Orientation:
	1.000000, 0.000000, -0.000000,
	-0.000000, 0.309086, -0.951034,
	0.000000, 0.951034, 0.309086
$AI Behavior: None
$Cargo 1:  XSTR("Nothing", -1)
+Initial Velocity: 33
+Initial Hull: 100
+Subsystem: Pilot
+Subsystem: turret01
$Arrival Location: Hyperspace
$Arrival Cue: ( true ) 
$Departure Location: Hyperspace
$Departure Cue: ( false ) 
$Determination: 10
+Flags: ( "cargo-known" )
+Flags2: ( )
+Respawn priority: 0
+Orders Accepted: 1		;! note that this is a bitfield!!!
+Group: 0
+Use Table Score:
+Score: 17

$Name: UTNSG Zweihander 3		;! Object #7
$Class: GTSG Mjolnir
$Team: Friendly
$Location: -1500.000000, -2000.000000, -750.000000
$Orientation:
	1.000000, 0.000000, -0.000000,
	-0.000000, 0.309086, -0.951034,
	0.000000, 0.951034, 0.309086
$AI Behavior: None
$Cargo 1:  XSTR("Nothing", -1)
+Initial Velocity: 33
+Initial Hull: 100
+Subsystem: Pilot
+Subsystem: turret01
$Arrival Location: Hyperspace
$Arrival Cue: ( true ) 
$Departure Location: Hyperspace
$Departure Cue: ( false ) 
$Determination: 10
+Flags: ( "cargo-known" )
+Flags2: ( )
+Respawn priority: 0
+Orders Accepted: 1		;! note that this is a bitfield!!!
+Group: 0
+Use Table Score:
+Score: 17

$Name: UTND Dante		;! Object #8
$Class: GTD Hecate
$Team: Friendly
$Location: -2500.000000, 4000.000000, 1500.000000
$Orientation:
	-0.894427, 0.000000, -0.447214,
	0.182574, 0.912871, -0.365148,
	0.408248, -0.408248, -0.816497
$AI Behavior: None
$AI Goals: ( goals ( ai-chase "UD 1" 60 ) ( ai-waypoints-once "Waypoint path 2" 50 ) )
$Cargo 1:  XSTR("Nothing", -1)
+Initial Velocity: 33
+Initial Hull: 100
+Initial Shields: 100
+Subsystem: Pilot
+Subsystem: turret01
+Subsystem: turret02
+Primary Banks: ( "ULTRA Anti-Fighter Beam" )
+Subsystem: turret03
+Subsystem: turret04
+Subsystem: turret05
+Subsystem: turret06
+Subsystem: turret07
+Subsystem: turret08
+Subsystem: turret09
+Primary Banks: ( "ULTRA Anti-Fighter Beam" )
+Subsystem: turret10
+Primary Banks: ( "Terran Huge Turret" )
+Subsystem: turret11
+Primary Banks: ( "Terran Huge Turret" )
+Subsystem: turret12
+Primary Banks: ( "ULTRA Anti-Fighter Beam" )
+Subsystem: turret13
+Primary Banks: ( "ULTRA Anti-Fighter Beam" )
+Subsystem: turret14
+Primary Banks: ( "Terran Huge Turret" )
+Subsystem: turret15
+Primary Banks: ( "Terran Huge Turret" )
+Subsystem: turret16
+Primary Banks: ( "Terran Huge Turret" )
+Subsystem: turret17
+Subsystem: turret18
+Subsystem: turret19
+Primary Banks: ( "ULTRA Anti-Fighter Beam" )
+Subsystem: turret20
+Primary Banks: ( "BFGreen" )
+Subsystem: turret21
+Primary Banks: ( "ULTRA Anti-Fighter Beam" )
+Subsystem: turret22
+Primary Banks: ( "BGreen" )
+Subsystem: turret23
+Subsystem: turret24
+Primary Banks: ( "BGreen" )
+Subsystem: turret25
+Subsystem: turret26
+Primary Banks: ( "BGreen" )
+Subsystem: turret27
+Primary Banks: ( "BGreen" )
$Arrival Location: Hyperspace
$Arrival Cue: ( true ) 
$Departure Location: Hyperspace
$Departure Cue: ( false ) 
$Determination: 10
+Flags: ( "cargo-known" "no-shields" "escort" )
+Flags2: ( )
+Respawn priority: 0
+Escort priority: 89
+Orders Accepted: 0		;! note that this is a bitfield!!!
+Group: 0
+Use Table Score:
+Score: 1300

$Name: UTND Alexandria		;! Object #9
$Class: GTD Orion
$Team: Friendly
$Location: -1500.000000, 500.000000, -9500.000000
$Orientation:
	0.964764, 0.000000, -0.263117,
	-0.066952, 0.967084, -0.245491,
	0.254457, 0.254457, 0.933008
$AI Behavior: None
$AI Goals: ( goals ( ai-waypoints-once "Waypoint path 1" 60 ) ( ai-chase "UD 1" 50 ) )
$Cargo 1:  XSTR("Nothing", -1)
+Initial Hull: 100
+Initial Shields: 100
+Subsystem: Pilot
+Subsystem: turret01a
+Primary Banks: ( "BFGreen" )
+Subsystem: turret02a
+Subsystem: turret03a
+Subsystem: turret04a
+Subsystem: turret05a
+Subsystem: turret06
+Primary Banks: ( "BGreen" )
+Subsystem: turret07
+Primary Banks: ( "BGreen" )
+Subsystem: turret08
+Primary Banks: ( "ULTRA Anti-Fighter Beam" )
+Subsystem: turret09
+Primary Banks: ( "BFGreen" )
+Subsystem: turret10
+Primary Banks: ( "ULTRA Anti-Fighter Beam" )
+Subsystem: turret11
+Primary Banks: ( "BFGreen" )
+Subsystem: turret12
+Primary Banks: ( "Terran Huge Turret" )
+Subsystem: turret13
+Primary Banks: ( "Terran Huge Turret" )
+Subsystem: turret14
+Primary Banks: ( "ULTRA Anti-Fighter Beam" )
+Subsystem: turret15
+Primary Banks: ( "Terran Huge Turret" )
+Subsystem: turret16
+Primary Banks: ( "ULTRA Anti-Fighter Beam" )
$Arrival Location: Hyperspace
$Arrival Cue: ( is-event-true-delay 
   "Uranium arrived" 
   20 
)
$Departure Location: Hyperspace
$Departure Cue: ( false ) 
$Determination: 10
+Flags: ( "cargo-known" "no-shields" "escort" )
+Flags2: ( )
+Respawn priority: 0
+Escort priority: 89
+Orders Accepted: 0		;! note that this is a bitfield!!!
+Group: 0
+Use Table Score:
+Score: 1000

$Name: UD 1		;! Object #10
$Class: SD Demon
$Team: Hostile
$Location: 8500.000000, -500.000000, -4500.000000
$Orientation:
	0.116841, 0.000000, 0.993151,
	0.225993, 0.973766, -0.026587,
	-0.967096, 0.227552, 0.113776
$AI Behavior: None
$AI Goals: ( goals ( ai-chase "UTND Alexandria" 60 ) )
$Cargo 1:  XSTR("Nothing", -1)
+Initial Velocity: 33
+Initial Hull: 100
+Subsystem: Pilot
+Subsystem: turret01-base
+Subsystem: turret02-base
+Subsystem: turret03a-base
+Subsystem: turret04-base
+Subsystem: turret05-base
+Subsystem: turret06a-base
+Subsystem: turret07a-base
+Subsystem: turret08-base
+Subsystem: turret09-base
+Subsystem: turret10-base
+Subsystem: turret11-base
+Subsystem: turret12-base
+Subsystem: turret13-base
+Subsystem: turret14-base
+Subsystem: turret15-base
+Subsystem: turret16-base
+Subsystem: turret17-base
+Subsystem: turret18-base
+Subsystem: turret19-base
+Subsystem: turret20-base
+Subsystem: turret21-base
+Subsystem: turret22
+Subsystem: turret23
+Subsystem: turret24
+Subsystem: turret25
+Subsystem: turret26
$Arrival Location: Hyperspace
$Arrival Cue: ( is-event-true-delay 
   "Uranium arrived" 
   35 
)
$Departure Location: Hyperspace
$Departure Cue: ( false ) 
$Determination: 10
+Flags: ( "escort" )
+Flags2: ( )
+Respawn priority: 0
+Escort priority: 89
+Orders Accepted: 0		;! note that this is a bitfield!!!
+Group: 0
+Use Table Score:
+Score: 840

#Wings		;! 1 total

$Name: Uranium
$Waves: 1
$Wave Threshold: 0
$Special Ship: 0		;! Uranium 1

$Arrival Location: Hyperspace
$Arrival Cue: ( true ) 
$Departure Location: Hyperspace
$Departure Cue: ( false ) 
$Ships: (		;! 4 total
	"Uranium 1"
	"Uranium 2"
	"Uranium 3"
	"Uranium 4"
)
+Flags: ( )

#Events		;! 3 total

$Formula: ( when 
   ( is-in-mission "Uranium" ) 
   ( send-message 
      "UTND Dante" 
      "High" 
      "Arrived" 
   )
)
+Name: Uranium arrived
+Repeat Count: 1
+Interval: 1

$Formula: ( when 
   ( is-event-true-delay 
      "Uranium arrived" 
      10 
   )
   ( send-message 
      "UTND Alexandria" 
      "High" 
      "Thanks dante" 
   )
)
+Name: Alexandria has arrived
+Repeat Count: 1
+Interval: 1

$Formula: ( when ( true ) ( do-nothing ) ) 
+Name: Event name
+Repeat Count: 1
+Interval: 1

#Goals		;! 0 total


#Waypoints		;! 2 lists total

$Name: Waypoint path 1
$List: (		;! 1 points in list
	( 1500.000000, 3500.000000, 1500.000488 )
)

$Name: Waypoint path 2
$List: (		;! 1 points in list
	( -2500.000000, 4000.000000, 1500.000000 )
)

#Messages		;! 2 total


$Name: Arrived
$Team: -1
$MessageNew:  XSTR("Uranium has arrived. Alexandria, you are clear to jump.", -1)
$end_multi_text
+Persona: Large Ship
+AVI Name: Head-CM1

$Name: Thanks dante
$Team: -1
$MessageNew:  XSTR("Thank you Dante jumping in now.", -1)
$end_multi_text
+Persona: Large Ship
+AVI Name: Head-CM4

#Reinforcements		;! 0 total


#Background bitmaps		;! 4 total

$Num stars: 2000
$Ambient light level: 7895160

$Bitmap List:
$Sun: SunSol
+Angles: 0.418879 0.000000 0.767945
+Scale: 0.800000
$Starbitmap: dneb02
+Angles: 1.570796 0.000000 0.000000
+ScaleX: 4.000000
+ScaleY: 4.000000
+DivX: 1
+DivY: 1
$Starbitmap: neb07
+Angles: 6.021386 0.000000 5.899213
+ScaleX: 9.000000
+ScaleY: 9.000000
+DivX: 1
+DivY: 1
$Starbitmap: planetf
+Angles: 6.021386 0.925025 0.715585
+ScaleX: 3.000000
+ScaleY: 3.000000
+DivX: 1
+DivY: 1
$Starbitmap: dneb05
+Angles: 3.665192 0.767945 1.553343
+ScaleX: 7.000000
+ScaleY: 7.000000
+DivX: 1
+DivY: 1

#Asteroid Fields

#Music

$Event Music: 4: Numbers
$Briefing Music: None

#End

